Hessian Matrix:
   2929.82          0   -4.78906    196.877          0          0   -2286.28          0     879.14   -420.187    1070.63   -437.183   -420.201   -1070.63   -437.183
         0    2919.93  0.0142109          0    196.877          0          0    198.611          0    1070.62   -1657.75    757.609   -1070.62    -1657.7   -757.609
  -4.78906  0.0142109    2910.64          0          0   -2574.75     879.14          0   -112.479   -437.197    757.609   -111.712   -437.183   -757.552   -111.712
   196.877          0          0   -196.081          0 -0.0142109  -0.682121          0     1.1795 -0.0568434   0.355271  -0.582645 -0.0568434  -0.355271  -0.582645
         0    196.877          0          0   -196.081          0          0   0.142109          0   0.355271  -0.468958    1.03739  -0.355271  -0.468958   -1.03739
         0          0   -2574.79 -0.0142109          0    2579.33     1.1795          0   -1.50635  -0.582645    1.03739   -1.52056  -0.582645    -1.0516   -1.52056
  -2286.28          0    879.169  -0.682121          0     1.1795    2290.49          0   -880.348   -1.71951    1.06581          0   -1.71951   -1.08002          0
         0    198.497          0          0   0.142109          0          0   -197.701          0    1.08002  -0.468958          0   -1.08002  -0.468958          0
   879.155          0   -112.522     1.1795          0   -1.52056   -880.391          0    113.701          0          0    0.17053          0  0.0142109    0.17053
  -420.201    1070.63   -437.169 -0.0568434   0.369482  -0.582645   -1.71951    1.08002  0.0142109    421.821    -1072.1    437.836    0.17053  0.0142109          0
    1070.6   -1657.72    757.524   0.355271  -0.468958    1.03739    1.06581  -0.468958          0   -1072.02    1661.01   -758.646          0   -2.34479          0
  -437.169    757.566   -111.712  -0.582645    1.03739   -1.52056          0          0    0.17053    437.737   -758.632    112.863          0          0    0.17053
  -420.201   -1070.62   -437.183 -0.0568434  -0.369482  -0.582645   -1.71951   -1.08002          0    0.17053          0          0    421.849    1072.08    437.751
  -1070.66   -1657.77   -757.538  -0.369482  -0.468958   -1.03739   -1.08002  -0.468958          0          0   -2.34479          0    1072.04    1660.94    758.632
  -437.169   -757.566    -111.64  -0.596856   -1.03739   -1.52056          0          0    0.17053          0          0    0.17053    437.751    758.646    112.891

Mass-Weighted Hessian Matrix:
   243.928          0  -0.398723    56.5816          0          0   -657.068          0    252.661    -120.76    307.695   -125.644   -120.764   -307.695   -125.644
         0    243.105 0.00118315          0    56.5816          0          0    57.0799          0    307.691   -476.431    217.734   -307.691   -476.415   -217.734
 -0.398723 0.00118315    242.331          0          0   -739.972    252.661          0   -32.3259   -125.648    217.734   -32.1054   -125.644   -217.717   -32.1054
   56.5816          0          0   -194.525          0 -0.0140981  -0.676707          0    1.17014 -0.0563923   0.352452  -0.578021 -0.0563923  -0.352452  -0.578021
         0    56.5816          0          0   -194.525          0          0   0.140981          0   0.352452  -0.465236    1.02916  -0.352452  -0.465236   -1.02916
         0          0   -739.984 -0.0140981          0    2558.86    1.17014          0    -1.4944  -0.578021    1.02916   -1.50849  -0.578021   -1.04326   -1.50849
  -657.068          0    252.669  -0.676707          0    1.17014    2272.31          0   -873.361   -1.70587    1.05736          0   -1.70587   -1.07145          0
         0    57.0472          0          0   0.140981          0          0   -196.132          0    1.07145  -0.465236          0   -1.07145  -0.465236          0
   252.665          0   -32.3382    1.17014          0   -1.50849   -873.404          0    112.799          0          0   0.169177          0  0.0140981   0.169177
  -120.764    307.695    -125.64 -0.0563923    0.36655  -0.578021   -1.70587    1.07145  0.0140981    418.473   -1063.59    434.362   0.169177  0.0140981          0
   307.687   -476.423    217.709   0.352452  -0.465236    1.02916    1.05736  -0.465236          0   -1063.52    1647.82   -752.625          0   -2.32618          0
   -125.64    217.721   -32.1054  -0.578021    1.02916   -1.50849          0          0   0.169177    434.263   -752.611    111.967          0          0   0.169177
  -120.764   -307.691   -125.644 -0.0563923   -0.36655  -0.578021   -1.70587   -1.07145          0   0.169177          0          0    418.501    1063.57    434.277
  -307.703   -476.435   -217.713   -0.36655  -0.465236   -1.02916   -1.07145  -0.465236          0          0   -2.32618          0    1063.53    1647.75    752.611
   -125.64   -217.721    -32.085  -0.592119   -1.02916   -1.50849          0          0   0.169177          0          0   0.169177    434.277    752.625    111.995

Eigenvalues (Vibrational Frequencies Squared):
        0
        0
        0
        0
        0
        0
        0
        0
        0
        0
0.0108256
  2574.02
  2842.17
  2849.89
  2859.81

Vibrational Frequencies (cm^-1):
      0
      0
      0
      0
      0
      0
      0
      0
      0
      0
534.848
 260802
 274049
 274422
 274899

Eigenvectors (Normal Modes):
   0.0748674  0.000298707    -0.384512  0.000149586   0.00404922  9.05633e-05  6.29029e-05   0.00197722     0.103135     0.199558     0.835581   0.00580768     0.062582 -0.000121807    -0.306463
 -0.00249894    -0.391605 -0.000810508   0.00470634 -0.000179452  -0.00358116  -0.00513972  0.000269552     0.858663   0.00232374     -0.10655  2.56869e-06  6.51062e-05    -0.312916  0.000132397
    0.384418   -0.0026125    0.0748986  0.000218153   0.00412576 -1.62695e-05 -4.02376e-05  -0.00184702   -0.0268177     0.841939    -0.197738  -0.00741933       0.3065  8.94014e-05    0.0625068
    -0.10289 -0.000438756     0.540548   -0.0185022    -0.501653  -0.00144012   -0.0351801    -0.617351    0.0298631    0.0577936     0.242056  0.000124555   0.00124913 -5.98727e-06  -0.00606168
  0.00344258     0.544884   0.00114657    -0.125452   0.00381479      0.56458     0.551975   -0.0320737     0.248774  0.000672693   -0.0308652  5.52096e-08  1.29448e-06  -0.00621223  2.62058e-06
     0.10132 -0.000688627    0.0197442  5.81994e-05   0.00109979 -4.46326e-06 -1.11442e-05 -0.000502065  -0.00776897     0.243908   -0.0572844     0.519438    -0.795856 -0.000225922    -0.152664
   -0.201979   0.00141851   -0.0677756   0.00794375     0.232196  0.000468509  -0.00723619    -0.119739    0.0298752    0.0578062     0.242051     0.451249     0.118219  0.000356443     0.778342
  0.00361826      0.57313   0.00119804     0.631212   -0.0224581   -0.0831233    -0.449611    0.0251804     0.248775  0.000673377   -0.0308656  5.48694e-08  1.30324e-06  -0.00625189  2.63743e-06
   -0.525267   0.00309424     0.114932    0.0224036     0.654315   0.00125492   -0.0205082    -0.340419  -0.00777563     0.243887   -0.0572912    -0.159782   -0.0352428 -0.000127558      -0.2763
   0.0249422      0.25278     0.427693     -0.46783     0.144019   -0.0295603    -0.308928     0.384799    0.0299541    0.0577846     0.242069    -0.235695    -0.167675    -0.318806     0.142945
   -0.222934     0.117888     0.216887    -0.262891   -0.0544336    -0.234843    -0.025783     0.284302     0.248779  0.000639305    -0.030863     0.408675     0.292732     0.546255    -0.258262
   -0.450342      0.18381    -0.196291    0.0143356    -0.334093    -0.530998     0.376802     0.152554  -0.00780696     0.243846   -0.0572775    -0.167038    -0.113414     -0.22559     0.106694
   0.0214622    -0.254718     0.426692      0.47771     0.111445    0.0301308     0.351052     0.345265     0.029905    0.0577651     0.242143    -0.235701    -0.167809     0.318865     0.142678
    0.224617     0.115813    -0.216576    -0.259051    0.0737185    -0.234564   -0.0586052    -0.278636     0.248709  0.000668983   -0.0308995    -0.408672    -0.292951     0.546347      0.25779
   -0.452759     -0.17713    -0.196698   -0.0375018    -0.335516     0.529539    -0.355927     0.194853   -0.0076832     0.243962   -0.0573024    -0.167044    -0.113507      0.22564     0.106505

IR Activity (1 = Active, 0 = Inactive):
1
1
1
1
1
1
1
1
1
1
1
1
1
1
1
