Hessian Matrix:
     58532.5            0     -96.5315      3934.65            0            0     -45679.5            0      17565.8     -8393.84      21391.4     -8734.63     -8393.84     -21391.4     -8734.63
           0        58336  2.27374e-05            0      3934.65            0            0      3969.28            0      21391.4       -33120      15136.6     -21391.4       -33120     -15136.6
    -96.5315  2.27374e-05      58149.1            0            0     -51442.6      17565.8            0     -2245.51     -8734.63      15136.6      -2230.5     -8734.63     -15136.6      -2230.5
     3934.65            0            0     -3918.97            0   -0.0519321     -13.6578            0      23.8615     -1.00954      7.28883     -11.9048     -1.00954     -7.28883     -11.9048
           0      3934.65            0            0     -3918.98            0            0      3.20301            0      7.28883     -9.43462      20.6303     -7.28883     -9.43462     -20.6303
           0            0     -51442.6   -0.0519321            0      51534.1      23.8615            0     -30.5658     -11.9048      20.6303     -30.4989     -11.9048     -20.6303     -30.4989
    -45679.5  2.27374e-05      17565.8     -13.6578            0      23.8615        45763            0     -17589.6     -34.9343      22.0399            0     -34.9343     -22.0399            0
           0      3969.28            0            0      3.20301            0            0     -3953.46            0      22.0399     -9.51111            0     -22.0399     -9.51111            0
     17565.8            0     -2245.51      23.8615            0     -30.5659     -17589.6            0      2269.64 -2.27374e-05            0      3.22011 -2.27374e-05            0      3.22011
    -8393.84      21391.4     -8734.63     -1.00952      7.28885     -11.9048     -34.9343      22.0399 -2.27374e-05      8426.58     -21420.7      8746.53      3.20058            0  4.54747e-05
     21391.4       -33120      15136.6      7.28885     -9.43462      20.6303      22.0399     -9.51111            0     -21420.7      33186.3     -15157.2            0     -47.3928            0
    -8734.63      15136.6      -2230.5     -11.9048      20.6303     -30.4989            0            0      3.22011      8746.53     -15157.2      2254.58            0            0      3.20056
    -8393.84     -21391.4     -8734.63     -1.00952     -7.28885     -11.9048     -34.9343     -22.0399 -2.27374e-05      3.20058            0            0      8426.58      21420.7      8746.53
    -21391.4       -33120     -15136.6     -7.28885     -9.43462     -20.6303     -22.0399     -9.51111            0            0     -47.3928            0      21420.7      33186.3      15157.2
    -8734.63     -15136.6      -2230.5     -11.9048     -20.6303     -30.4989            0            0      3.22011  4.54747e-05            0      3.20056      8746.53      15157.2      2254.58

Mass-Weighted Hessian Matrix:
     4873.24            0     -8.03692       1130.8            0            0     -13128.1            0      5048.33     -2412.35       6147.8     -2510.29     -2412.35      -6147.8     -2510.29
           0      4856.88  1.89305e-06            0       1130.8            0            0      1140.75            0       6147.8     -9518.54       4350.2      -6147.8     -9518.54      -4350.2
    -8.03692  1.89305e-06      4841.32            0            0     -14784.4      5048.33            0      -645.35     -2510.29       4350.2     -641.037     -2510.29      -4350.2     -641.037
      1130.8            0            0     -3887.87            0     -0.05152     -13.5494            0      23.6721     -1.00153      7.23098     -11.8103     -1.00153     -7.23098     -11.8103
           0       1130.8            0            0     -3887.88            0            0      3.17759            0      7.23098     -9.35974      20.4666     -7.23098     -9.35974     -20.4666
           0            0     -14784.4     -0.05152            0      51125.1      23.6721            0     -30.3233     -11.8103      20.4666     -30.2569     -11.8103     -20.4666     -30.2568
    -13128.1  6.53462e-06      5048.33     -13.5494            0      23.6721      45399.8            0       -17450     -34.6571       21.865            0     -34.6571      -21.865            0
           0      1140.75            0            0      3.17759            0            0     -3922.09            0       21.865     -9.43562            0      -21.865     -9.43562            0
     5048.33            0      -645.35      23.6721            0     -30.3233       -17450            0      2251.62 -2.25569e-05            0      3.19456 -2.25569e-05            0      3.19456
    -2412.35       6147.8     -2510.29      -1.0015        7.231     -11.8103     -34.6571       21.865 -2.25569e-05       8359.7     -21250.7      8677.12      3.17518            0  4.51138e-05
      6147.8     -9518.54       4350.2        7.231     -9.35974      20.4666       21.865     -9.43562            0     -21250.7      32922.9       -15037            0     -47.0167            0
    -2510.29       4350.2     -641.037     -11.8103      20.4666     -30.2569            0            0      3.19456      8677.12       -15037      2236.69            0            0      3.17516
    -2412.35      -6147.8     -2510.29      -1.0015       -7.231     -11.8103     -34.6571      -21.865 -2.25569e-05      3.17518            0            0       8359.7      21250.7      8677.12
     -6147.8     -9518.54      -4350.2       -7.231     -9.35974     -20.4666      -21.865     -9.43562            0            0     -47.0167            0      21250.7      32922.9        15037
    -2510.29      -4350.2     -641.037     -11.8103     -20.4666     -30.2569            0            0      3.19456  4.51138e-05            0      3.17516      8677.12        15037      2236.69

Eigenvalues (Vibrational Frequencies Squared):
    -4688.29
     -4681.9
    -4673.79
    -3938.59
    -3934.79
    -3926.34
    -3881.21
    -3880.04
-2.54756e-05
  4.2333e-07
  2.3758e-06
     51429.8
     56785.9
     56940.9
     57137.1

Vibrational Frequencies (cm^-1):
          0
          0
          0
          0
          0
          0
          0
          0
          0
     3.3446
    7.92336
1.16577e+06
1.22497e+06
1.22664e+06
1.22875e+06

Eigenvectors (Normal Modes):
   0.0795109 -2.73578e-07     0.383546 -8.28739e-09   0.00431324 -4.98035e-09  2.11978e-08   0.00231635    -0.133322    -0.337631    -0.785434  -0.00577319   -0.0622162 -7.13241e-10     -0.30654
-3.16115e-07    -0.391595 -2.14771e-07    0.0050603  1.36319e-08  -0.00351722  -0.00547547  4.05767e-08    -0.140739     0.792749    -0.316886  4.93448e-12 -4.23951e-09    -0.312906   1.6497e-09
    0.383511 -2.66346e-07   -0.0794911 -1.65867e-09   0.00434482  4.40976e-09  -1.2274e-08  -0.00212846     0.843263    0.0789282    -0.177067   0.00746424    -0.306569  4.55476e-09    0.0621422
   -0.109253  3.79702e-07    -0.538456  8.72734e-07    -0.508792 -1.17761e-07 -4.63832e-06    -0.613506   -0.0386228   -0.0978099    -0.227536 -0.000125293  -0.00123913 -1.40686e-11  -0.00606728
 4.35742e-07     0.544228   3.0198e-07    -0.144075 -5.51735e-07     0.567535     0.545978 -3.98988e-06   -0.0407715     0.229655   -0.0918002   1.0222e-13  -8.4373e-11  -0.00621297  3.24865e-11
    0.101074 -7.02024e-08    -0.020956  -4.4028e-10   0.00116084  1.17557e-09 -3.28456e-09 -0.000570079     0.244289    0.0228651   -0.0512954    -0.519561     0.795951 -1.15115e-08    -0.151755
   -0.201349  1.25884e-07     0.070211 -4.29258e-07     0.230939  1.24742e-07 -9.06514e-07    -0.122238   -0.0386228   -0.0978099    -0.227536    -0.451278    -0.119216    5.396e-09     0.778177
 4.59148e-07     0.573945  3.18036e-07     0.635112  1.19924e-06   -0.0703375    -0.446545  3.29283e-06   -0.0407715     0.229655   -0.0918002   2.1172e-13   -8.503e-11   -0.0062636  3.28206e-11
   -0.527229   4.8939e-07    -0.108522 -1.20745e-06      0.65064  3.57526e-07 -2.58158e-06    -0.347826     0.244289    0.0228651   -0.0512954      0.15978    0.0355855 -1.83507e-09    -0.276242
   0.0180685     0.253752     -0.42786    -0.470875     0.131482   -0.0473107    -0.331641     0.363877   -0.0386228   -0.0978099    -0.227536     0.235666      0.16761    -0.318843      0.14302
   -0.226227     0.116788    -0.214251    -0.254252   -0.0614024    -0.242528   -0.0402639      0.28248   -0.0407715     0.229655   -0.0918002    -0.408611     -0.29261       0.5463    -0.258397
   -0.448844     0.180276     0.201937     0.039467    -0.333399    -0.524799      0.37367     0.177869     0.244289    0.0228651   -0.0512954     0.167008     0.113355    -0.225612     0.106744
   0.0180681    -0.253751     -0.42786     0.470874     0.131483    0.0473107     0.331647     0.363872   -0.0386228   -0.0978099    -0.227536     0.235666      0.16761     0.318843      0.14302
    0.226228     0.116788     0.214251    -0.254252    0.0614017    -0.242528   -0.0402681     -0.28248   -0.0407715     0.229655   -0.0918002     0.408611      0.29261       0.5463     0.258397
   -0.448845    -0.180276     0.201937   -0.0394658      -0.3334     0.524798    -0.373668     0.177875     0.244289    0.0228651   -0.0512954     0.167008     0.113355     0.225612     0.106744

IR Activity (1 = Active, 0 = Inactive):
1
1
1
1
1
1
1
1
1
1
1
1
1
1
1
