Hessian Matrix:
   -0.432225            0            0     0.216113            0            0     0.216113            0            0
           0      9.62371            0            0     -4.81186      3.91201            0     -4.81186     -3.91201
           0            0      5.65526            0      3.91201     -2.82763            0     -3.91201     -2.82763
    0.216113            0            0    -0.196066            0            0   -0.0200472            0            0
           0     -4.81186      3.91201            0      4.68216     -3.91201            0     0.129692  1.11022e-08
           0      3.91201     -2.82763            0     -3.91201      2.84768            0 -5.55112e-09   -0.0200472
    0.216113            0            0   -0.0200472            0            0    -0.196066            0            0
           0     -4.81186     -3.91201            0     0.129692 -5.55112e-09            0      4.68216      3.91201
           0     -3.91201     -2.82763            0            0   -0.0200472            0      3.91201      2.84768

Mass-Weighted Hessian Matrix:
  -0.0270158            0            0     0.053815            0            0     0.053815            0            0
           0      0.60152            0            0     -1.19822     0.974145            0     -1.19822    -0.974145
           0            0     0.353476            0     0.974145    -0.704119            0    -0.974145    -0.704119
    0.053815            0            0    -0.194509            0            0   -0.0198881            0            0
           0     -1.19822     0.974145            0        4.645     -3.88097            0     0.128663  1.10141e-08
           0     0.974145    -0.704119            0     -3.88097      2.82508            0 -5.50706e-09   -0.0198881
    0.053815            0            0   -0.0198881            0            0    -0.194509            0            0
           0     -1.19822    -0.974145            0     0.128663 -5.50706e-09            0        4.645      3.88097
           0    -0.974145    -0.704119            0            0   -0.0198881            0      3.88097      2.82508

Eigenvalues (Vibrational Frequencies Squared):
    -0.3363
  -0.241413
  -0.198093
  -0.174621
6.27361e-17
1.80503e-10
1.05205e-09
    8.01131
    8.41825

Vibrational Frequencies (cm^-1):
          0
          0
          0
          0
4.07158e-05
  0.0690632
   0.166733
    14549.8
    14914.7

Eigenvectors (Normal Modes):
-1.05189e-18    -0.334525 -1.37433e-16  4.26018e-08    -0.942387  4.82063e-08  1.99667e-08 -4.76482e-22 -3.31129e-18
-5.78479e-09  3.31738e-16    -0.198803  3.17024e-16 -3.68946e-08    -0.360636    -0.870652  4.66742e-09     0.269043
   -0.255056 -3.18052e-23  2.84964e-08 -7.82636e-17 -3.68958e-08    -0.870652     0.360636     0.216455 -3.72918e-09
   5.257e-16     0.666368 -9.94289e-16    -0.707107    -0.236545  1.21001e-08  5.01176e-09  1.61633e-17   9.4512e-17
    0.457536 -6.56826e-17     0.396012 -3.53375e-16 -9.26075e-09   -0.0905217    -0.218539     0.539129     -0.53593
    0.508069 -1.87288e-16     0.568694 -5.47054e-16 -9.26107e-09    -0.218539    0.0905217    -0.431176     0.420222
-5.26799e-16     0.666368  1.36211e-15     0.707107    -0.236545  1.21001e-08  5.01176e-09 -1.61623e-17 -4.96099e-17
   -0.457536 -6.56796e-17     0.396012 -1.03381e-15 -9.26075e-09   -0.0905217    -0.218539     -0.53913     -0.53593
    0.508069  1.87287e-16    -0.568695  1.32705e-15 -9.26107e-09    -0.218539    0.0905217    -0.431176    -0.420222

IR Activity (1 = Active, 0 = Inactive):
1
1
1
0
1
1
1
1
1
