Hessian Matrix:
   0.0352149            0            0    -0.017604            0            0    -0.017604            0            0
           0   -0.0416125            0            0    0.0207993   -0.0298823            0    0.0208097    0.0298823
           0            0   -0.0113173            0   -0.0298685   0.00565867            0    0.0298719   0.00565867
   -0.017597            0            0    0.0183811            0            0 -0.000777156            0            0
           0    0.0207993   -0.0298719            0   -0.0261145    0.0298823            0   0.00530825  3.46945e-06
           0   -0.0298823   0.00566214            0    0.0298789  -0.00487457            0            0 -0.000773687
   -0.017604            0            0 -0.000777156            0            0    0.0183811            0            0
           0    0.0208097    0.0298858            0   0.00530131            0            0   -0.0261111   -0.0298685
           0    0.0298823   0.00566561            0            0 -0.000777156            0   -0.0298685  -0.00488845

Mass-Weighted Hessian Matrix:
  0.00220107            0            0  -0.00438363            0            0  -0.00438363            0            0
           0  -0.00260095            0            0   0.00517932  -0.00744111            0   0.00518191   0.00744111
           0            0 -0.000707378            0  -0.00743766   0.00140909            0   0.00743852   0.00140909
  -0.0043819            0            0    0.0182352            0            0 -0.000770988            0            0
           0   0.00517932  -0.00743852            0   -0.0259073    0.0296452            0   0.00526612  3.44191e-06
           0  -0.00744111   0.00140995            0    0.0296417  -0.00483589            0            0 -0.000767546
 -0.00438363            0            0 -0.000770988            0            0    0.0182352            0            0
           0   0.00518191   0.00744198            0   0.00525924            0            0   -0.0259038   -0.0296314
           0   0.00744111   0.00141081            0            0 -0.000770988            0   -0.0296314  -0.00484965

Eigenvalues (Vibrational Frequencies Squared):
          0
          0
          0
1.15542e-06
1.81085e-06
  0.0150696
  0.0190062
  0.0192193
  0.0196642

Vibrational Frequencies (cm^-1):
      0
      0
      0
5.52552
6.91745
631.037
708.683
712.644
720.845

Eigenvectors (Normal Modes):
-6.02571e-19  3.38739e-19  1.79032e-13     0.942401 -3.68598e-13 -6.30804e-20 -0.000150669 -2.45378e-16     0.334486
 7.63601e-05     -0.26883     0.847475  1.56683e-16      0.41208  0.000401462  6.27982e-16     0.199266  2.37402e-16
   -0.188186 -0.000138457    -0.412082  4.09769e-13      0.84751    -0.276588 -5.74932e-17  0.000379224  2.39512e-19
 6.22392e-18 -8.90643e-18  4.49867e-14     0.236474 -9.24623e-14 -6.39815e-17     0.707535 -1.49182e-15    -0.665939
   -0.584928     0.535261     0.212812  9.48267e-19      0.10338     0.396873 -1.06714e-15    -0.397329 -2.95542e-16
    0.374952    -0.420649    -0.103264  1.02789e-13     0.212684     0.549867 -1.53529e-15    -0.569398 -4.43545e-16
 -6.9938e-18 -3.11219e-19  4.50201e-14      0.23656 -9.24846e-14  6.33503e-17    -0.706678  2.57055e-15    -0.666817
    0.584409     0.535747     0.212831  1.97252e-17     0.103456    -0.398519 -1.17278e-15    -0.395757 -2.94471e-16
    0.374596     0.421017    -0.103563   1.0292e-13     0.212819     0.552105  1.66458e-15     0.567085  4.41956e-16

IR Activity (1 = Active, 0 = Inactive):
1
1
1
1
1
1
1
1
1
