Hessian Matrix:
     95.2705            0  0.000444089      8.84981            0  0.000444089     -52.0601      35.0897      54.2033     -52.0606     -35.0902     -54.2038
           0      95.7079       125.58            0     -72.8129     -63.0682      35.0919      -11.446     -31.2581     -35.0897     -11.4468     -31.2581
 0.000444089       125.58      118.852            0       -63.07     -39.8614      54.2033     -31.2563     -39.4951     -54.2015     -31.2563     -39.4951
     8.84981            0            0     -8.84803            0            0  -0.00133227  -0.00888178  -0.00976996  -0.00133227   0.00888178   0.00976996
           0     -72.8089       -63.07            0      72.7884      63.0367  -0.00888178   0.00932587    0.0164313   0.00888178   0.00932587    0.0164313
 0.000444089     -63.0713     -39.8583            0      63.0376      39.8388   -0.0102141    0.0164313    0.0102141   0.00976996    0.0168754    0.0102141
    -52.0606      35.0875      54.2033  -0.00133227  -0.00932587   -0.0102141      53.0016     -35.0799     -54.1918    -0.941025            0            0
     35.0902     -11.4508     -31.2577  -0.00932587   0.00976996    0.0164313     -35.0808      11.4091      31.2412            0    0.0333067            0
     54.2015     -31.2603     -39.4977  -0.00976996    0.0164313    0.0106581     -54.1895       31.243      39.4533            0            0    0.0337508
    -52.0606     -35.0902     -54.1971  -0.00133227   0.00932587   0.00976996    -0.941025            0            0      53.0029      35.0804      54.1931
    -35.0897     -11.4491     -31.2581   0.00932587   0.00932587    0.0159872  0.000444089    0.0337508            0      35.0804      11.4118      31.2421
    -54.2033     -31.2599     -39.4951   0.00976996    0.0164313   0.00976996            0 -0.000444089    0.0337508      54.1922       31.243      39.4516

Mass-Weighted Hessian Matrix:
     6.80163            0  3.17048e-05      2.35522            0  0.000118186     -13.8549       9.3385      14.4252      -13.855     -9.33861     -14.4254
           0      6.83286      8.96552            0     -19.3778     -16.7845      9.33909     -3.04614     -8.31878      -9.3385     -3.04637     -8.31878
 3.17048e-05      8.96552      8.48516            0     -16.7849     -10.6084      14.4252     -8.31831     -10.5109     -14.4248     -8.31831     -10.5109
     2.35522            0            0     -8.77781            0            0  -0.00132169  -0.00881129  -0.00969242  -0.00132169   0.00881129   0.00969242
           0     -19.3768     -16.7849            0      72.2108      62.5364  -0.00881129   0.00925186    0.0163009   0.00881129   0.00925186    0.0163009
 0.000118186     -16.7853     -10.6076            0      62.5373      39.5226    -0.010133    0.0163009     0.010133   0.00969242    0.0167415     0.010133
     -13.855      9.33791      14.4252  -0.00132169  -0.00925186    -0.010133       52.581     -34.8015     -53.7617    -0.933557            0            0
     9.33861     -3.04744     -8.31867  -0.00925186   0.00969242    0.0163009     -34.8024      11.3185      30.9933            0    0.0330424            0
     14.4248     -8.31937     -10.5116  -0.00969242    0.0163009    0.0105736     -53.7595       30.995      39.1402            0            0    0.0334829
     -13.855     -9.33861     -14.4236  -0.00132169   0.00925186   0.00969242    -0.933557            0            0      52.5823       34.802       53.763
     -9.3385     -3.04696     -8.31878   0.00925186   0.00925186    0.0158603  0.000440565    0.0334829            0       34.802      11.3212      30.9942
    -14.4252     -8.31926     -10.5109   0.00969242    0.0163009   0.00969242            0 -0.000440565    0.0334829      53.7621       30.995      39.1384

Eigenvalues (Vibrational Frequencies Squared):
          0
          0
          0
          0
          0
          0
          0
          0
0.000873913
    120.951
    127.587
    137.697

Vibrational Frequencies (cm^-1):
      0
      0
      0
      0
      0
      0
      0
      0
151.963
56533.8
  58064
60320.8

Eigenvectors (Normal Modes):
-0.000286638     0.339404 -9.33536e-05   0.00128867  -0.00495921  0.000100757    -0.600976     0.598735    -0.320597 -4.45645e-05      0.24968  5.24376e-06
   -0.313338  -0.00030768    0.0761411   0.00161384  0.000568695     0.122272     0.274636     0.605762     0.616449   -0.0467933 -1.19042e-05      0.23769
    0.273955   0.00024758    0.0799073    0.0015063  0.000367189     0.162817     0.621171     0.311428    -0.582767     0.043105 -6.58054e-06      0.26026
 0.000381113    -0.663549   0.00277577     0.032125    -0.706731   0.00039219    -0.161213     0.160603   -0.0859863 -7.92909e-07   0.00422481  8.29946e-08
    0.312303  0.000390446     0.498055    0.0122062   0.00226762   -0.0901748    0.0736662     0.162504     0.165366     0.563828  0.000105983     -0.51869
   -0.436975 -0.000540774     -0.60025   -0.0149074  -0.00266219     0.197595     0.166645    0.0835448    -0.156323      0.43682  8.65256e-05     -0.39935
  -0.0285788    -0.300717    -0.118876   -0.0199583     0.361617    -0.510748     -0.16119     0.160628   -0.0860561     0.341335    -0.467417     0.329264
    0.427942    -0.198719    -0.405802     0.574171     0.212833    -0.181598    0.0737401     0.162527     0.165346    -0.194757     0.271836    -0.183673
   -0.291931    -0.303622     0.159639    -0.393843     0.269923    -0.403531     0.166631    0.0835336    -0.156382    -0.298826      0.41993    -0.285412
   0.0292022    -0.300928     0.116421   -0.0167812     0.363486     0.509926    -0.161212     0.160618   -0.0860737    -0.341174    -0.467527    -0.329287
     0.42745     0.199313    -0.375753    -0.592127    -0.217012       -0.184    0.0736966     0.162605     0.165452    -0.194663    -0.271896    -0.183683
   -0.292483     0.303508     0.142883     0.403127    -0.268987    -0.401005     0.166603    0.0834705    -0.156305    -0.298677    -0.420022    -0.285426

IR Activity (1 = Active, 0 = Inactive):
1
1
1
1
1
1
1
1
1
1
1
1
